146
43 409
166 536
197 174
175 440
131 363
157 442
193 64
164 163
189 59
125 255
173 516
103 512
161 468
163 536
184 412
136 537
157 219
193 84
199 120
160 256
125 517
189 437
169 482
199 430
167 198
224 151
274 305
219 227
200 371
279 537
247 76
263 182
205 97
272 433
272 134
252 191
227 66
225 150
208 449
299 141
254 216
232 149
260 428
249 539
209 153
229 275
231 226
233 433
260 127
339 422
371 483
329 242
352 527
378 305
327 303
305 76
357 265
338 387
370 152
317 121
323 183
350 440
338 414
338 186
364 530
309 117
306 147
381 83
324 207
336 294
345 178
375 228
329 340
421 495
470 485
499 148
470 401
425 169
490 65
403 373
400 366
422 536
447 462
414 349
419 140
458 117
484 521
422 136
425 101
434 294
406 255
403 417
479 123
447 138
464 414
458 539
429 363
516 272
583 508
518 362
590 203
588 153
518 384
534 97
517 62
580 317
575 439
529 90
596 160
515 440
528 480
596 328
529 244
552 425
598 65
515 214
528 151
572 424
560 468
555 450
573 501
608 174
660 467
621 218
691 281
678 412
661 113
693 519
639 366
608 220
635 202
636 77
629 266
655 272
626 371
654 312
606 250
626 222
687 489
619 83
676 541
620 53
640 284
642 496
643 280
748 290
1 0 334.3
2 0 316.9
3 0 208.3
3 2 361.7
4 0 146.8
4 1 295.6
5 0 200.8
6 0 616.0
6 5 392.3
7 0 420.7
7 1 407.6
7 4 333.4
8 0 408.4
8 3 759.2
9 0 287.1
10 0 191.4
10 2 562.6
10 3 130.1
10 5 103.2
11 0 126.6
11 6 808.6
12 0 186.6
12 1 78.0
12 6 670.8
12 11 89.4
13 0 178.6
13 6 772.4
14 0 267.9
14 8 611.0
14 13 173.1
15 0 178.6
15 5 132.2
15 10 68.1
16 0 248.8
17 0 578.2
17 16 158.0
18 0 453.6
18 11 748.6
18 16 145.0
18 17 63.2
19 0 299.4
19 7 181.5
19 10 437.1
19 15 309.5
20 0 239.8
20 2 556.3
20 3 166.5
20 4 239.3
21 0 240.5
21 2 501.3
21 15 154.5
21 17 569.1
21 18 355.6
22 0 173.5
23 0 251.4
23 3 51.4
24 0 378.2
25 12 475.2
26 3 329.8
26 5 293.3
26 7 356.3
26 10 386.1
26 16 236.3
26 20 493.6
26 23 235.8
27 21 356.4
27 26 182.2
28 1 182.5
28 6 394.6
28 9 154.7
28 13 261.3
29 4 372.5
29 12 202.9
29 13 194.7
29 16 547.3
30 9 309.1
30 19 251.4
30 27 202.7
30 29 846.9
31 3 515.9
31 9 267.6
31 10 564.3
31 30 107.4
32 13 449.7
32 15 683.8
32 16 230.4
33 11 248.5
34 3 551.6
34 4 322.8
34 7 146.7
34 11 522.4
34 15 717.3
34 16 246.6
34 31 82.0
34 32 78.0
35 2 90.6
35 9 219.9
35 21 382.6
35 26 177.1
35 28 294.8
36 1 542.7
36 4 397.8
36 7 134.1
36 9 292.2
36 12 497.4
36 21 666.5
36 31 183.5
37 2 38.3
37 7 88.9
37 18 68.1
38 14 75.1
38 17 560.9
38 18 389.8
38 34 432.9
38 36 384.8
39 2 120.8
39 4 428.0
39 19 181.1
39 29 440.7
40 11 660.4
41 8 191.7
41 12 373.9
41 19 226.4
41 34 59.8
41 40 116.3
42 1 249.6
42 2 367.8
42 15 251.5
42 16 456.7
42 24 286.2
42 25 326.5
42 27 263.8
43 1 134.6
43 16 400.9
43 19 454.5
43 25 584.0
43 26 331.2
43 30 491.0
44 1 561.1
44 5 416.9
44 13 392.4
44 15 703.9
44 16 131.4
44 23 347.5
44 30 129.5
45 5 216.9
45 15 477.1
45 22 265.5
45 26 106.5
45 33 296.6
45 41 242.1
45 42 173.7
46 1 532.7
46 2 75.7
46 3 315.1
46 5 347.7
46 7 125.6
46 10 491.5
46 13 552.0
46 19 151.2
46 29 365.6
46 45 56.0
47 7 442.9
47 19 277.4
47 25 513.3
47 26 234.7
47 35 311.9
48 1 573.7
48 2 130.9
48 12 414.2
48 18 87.2
48 27 213.9
48 37 42.8
48 44 85.5
49 35 319.7
50 32 503.3
50 40 315.0
50 43 264.2
50 49 113.6
51 26 92.7
51 29 557.1
51 37 271.8
51 39 178.5
51 48 222.1
52 33 204.2
52 38 280.9
52 39 416.9
52 46 387.0
53 38 314.6
53 51 87.8
54 32 350.3
54 35 169.9
54 42 243.4
54 48 362.7
54 51 88.6
55 44 179.7
55 46 187.3
55 49 549.6
55 51 223.3
56 45 202.0
56 49 251.9
57 25 281.6
57 28 150.3
57 43 310.2
57 44 294.5
57 49 52.3
57 53 142.7
58 27 307.5
58 30 168.9
58 39 138.1
58 48 182.9
59 26 189.4
59 27 167.3
59 30 112.8
59 32 188.0
59 44 124.7
59 51 140.4
60 26 145.8
60 27 129.6
60 37 111.1
60 39 91.8
60 41 148.4
60 43 613.4
60 48 134.4
61 26 295.7
61 29 139.8
61 41 431.3
61 44 568.3
61 51 283.7
61 54 152.2
61 59 353.1
62 36 542.0
62 40 392.0
62 44 294.4
62 59 318.8
63 34 107.1
63 43 445.4
63 57 276.7
64 27 574.7
64 29 159.1
64 44 749.3
64 52 20.5
65 29 796.1
65 32 152.4
65 56 248.8
65 64 780.0
66 27 176.1
66 34 44.7
66 45 257.7
66 47 428.7
66 59 33.7
66 61 387.0
66 65 60.2
67 34 170.5
67 43 684.2
67 58 94.9
68 25 213.9
68 27 197.3
68 51 56.0
68 58 99.9
68 59 142.2
69 34 255.0
69 43 372.5
69 45 130.7
69 50 297.0
69 57 126.4
69 62 152.8
69 64 445.2
70 25 127.0
70 26 174.5
70 29 705.3
70 32 173.1
70 35 122.4
70 55 214.7
70 69 185.6
71 29 611.3
71 31 123.0
71 40 136.6
71 52 551.8
71 57 252.3
71 62 326.6
72 25 408.6
72 31 214.6
72 69 77.3
73 63 490.7
74 56 382.2
74 60 356.0
74 63 567.1
74 64 147.0
74 67 553.8
74 70 355.8
75 52 466.9
75 53 282.6
75 57 354.3
75 60 340.4
75 61 608.6
75 70 291.2
75 71 224.3
75 74 620.3
76 50 247.3
76 58 305.2
76 65 426.7
76 70 433.6
76 71 242.4
77 61 321.3
77 62 295.7
77 69 293.9
77 70 83.5
78 52 893.5
78 56 252.1
78 60 227.7
78 61 768.6
78 62 688.4
78 64 761.6
78 72 394.8
79 70 232.5
79 74 193.9
80 49 104.8
80 50 167.4
80 59 348.5
80 66 330.2
80 69 99.5
81 51 383.0
81 54 258.6
81 68 490.9
81 70 583.1
81 72 230.4
82 50 126.9
82 53 255.7
82 61 104.6
82 66 531.8
82 69 237.3
82 70 342.9
82 73 53.6
82 81 96.7
83 58 327.6
83 69 110.8
84 54 248.1
84 60 133.3
84 63 160.6
84 64 729.6
84 69 196.6
84 77 33.1
84 79 346.0
84 80 268.3
84 83 307.4
85 66 226.4
85 73 389.1
85 74 516.6
86 54 362.7
86 66 684.9
86 72 278.6
86 74 47.1
86 83 325.2
87 63 117.4
88 50 691.9
88 53 415.0
88 66 216.9
88 83 411.8
88 85 69.2
89 52 482.2
89 61 316.3
89 69 99.2
89 87 217.5
90 50 399.8
90 63 131.1
90 65 201.5
90 71 41.7
90 73 308.2
90 75 185.2
91 50 79.3
91 72 202.6
91 73 131.3
91 81 238.2
92 59 180.0
92 62 492.3
92 73 747.1
92 88 61.1
93 58 126.3
93 64 404.4
93 70 116.9
93 79 310.8
94 55 513.0
94 61 233.0
94 63 299.6
94 66 323.2
94 91 96.8
95 57 376.9
95 59 555.5
95 66 509.8
95 75 538.0
95 79 348.1
96 54 145.6
96 73 174.3
96 77 269.0
96 79 38.7
96 81 311.6
96 84 419.7
96 87 390.2
97 80 249.3
98 73 177.0
98 83 342.2
98 92 503.6
98 94 288.2
99 78 534.2
99 81 337.2
99 85 253.3
99 88 484.3
99 89 155.2
99 91 244.4
100 73 349.0
100 75 144.8
100 83 344.6
101 82 526.8
101 94 562.4
101 99 319.8
102 76 66.5
102 90 186.9
102 95 201.5
103 74 556.9
103 79 459.2
103 98 803.2
103 101 149.2
104 83 319.8
104 84 224.1
104 91 533.3
104 98 711.6
104 100 260.4
105 75 272.0
105 76 263.1
105 84 313.1
105 101 179.6
105 103 276.4
106 74 225.2
106 79 255.7
106 97 344.1
107 75 125.7
107 89 374.6
107 91 491.6
108 92 237.8
108 101 13.8
109 83 239.8
109 85 486.4
109 104 531.9
110 75 501.4
110 76 132.2
110 82 93.2
110 93 479.7
110 97 346.1
111 79 336.7
111 80 391.6
111 89 217.1
111 93 371.9
111 94 162.0
112 79 259.9
112 94 210.5
113 75 416.5
113 77 330.0
113 84 598.2
113 91 222.4
113 98 133.3
113 105 146.7
114 83 366.1
114 84 241.8
114 89 358.6
114 93 280.0
114 94 520.1
114 102 533.9
114 111 391.0
115 83 307.4
115 92 127.7
115 100 92.0
115 104 211.8
116 83 316.0
116 85 83.6
116 88 226.6
116 91 354.6
116 102 240.9
116 108 94.1
116 109 313.5
116 115 72.5
117 74 198.8
117 82 200.7
117 90 325.4
117 97 309.9
117 111 186.6
118 76 163.3
118 78 529.8
118 87 360.1
118 88 752.3
118 90 362.1
118 96 215.4
118 104 567.0
118 107 508.5
118 117 85.0
119 78 645.2
119 90 374.4
119 99 108.1
119 100 479.8
119 102 82.3
119 106 34.9
119 118 24.5
120 79 302.4
120 82 177.7
120 86 179.3
120 90 336.1
120 94 183.5
120 102 202.6
120 105 356.2
120 109 113.0
120 118 55.2
121 108 28.5
121 113 385.4
122 106 166.6
122 107 434.2
122 118 108.4
123 100 52.8
123 103 162.5
123 107 192.8
123 112 103.2
123 113 255.5
123 122 457.4
124 100 216.9
124 102 225.4
124 112 239.4
124 119 375.4
125 99 277.6
125 103 545.1
125 105 252.1
125 111 144.4
125 112 360.6
125 117 171.1
125 124 250.4
126 108 118.8
126 119 630.9
127 98 161.4
127 104 839.5
127 105 248.0
127 114 639.5
127 122 92.9
128 107 529.1
128 113 187.2
128 122 189.3
128 126 389.2
129 97 127.8
129 112 141.7
129 113 281.3
130 98 357.1
130 108 73.0
130 113 364.3
130 119 323.4
130 127 508.1
131 114 42.8
131 115 229.7
131 130 193.5
132 100 88.0
132 103 284.2
132 126 169.7
132 131 279.2
133 103 308.8
133 105 103.5
133 107 339.5
133 110 280.8
133 111 93.2
133 118 225.0
133 122 211.8
134 101 315.9
134 108 409.1
134 133 145.4
135 103 484.8
135 118 243.3
135 124 77.4
136 98 268.5
136 99 185.3
136 103 207.7
136 104 247.7
136 106 373.2
136 109 306.1
136 114 237.6
136 120 405.6
136 123 67.5
137 101 138.8
137 116 220.5
137 118 418.7
137 119 406.3
137 135 120.5
138 104 545.4
138 114 538.0
138 134 199.8
139 113 686.3
139 114 47.0
139 119 606.1
139 122 722.6
140 114 849.7
140 123 371.5
140 135 238.0
140 137 464.3
141 102 360.5
141 106 650.9
141 117 565.0
141 135 385.6
142 107 303.9
142 110 328.0
142 117 304.4
142 118 359.4
142 123 121.6
142 125 266.7
142 128 117.4
142 131 277.3
142 139 207.6
142 141 458.7
143 105 234.6
143 106 104.2
143 115 578.5
143 119 152.5
143 132 445.8
143 141 481.5
144 99 275.0
144 112 132.3
144 119 285.2
145 121 247.6
145 122 247.3
145 123 267.0
145 124 83.4
145 125 242.2
145 126 242.3
145 127 297.1
145 128 160.1
145 129 225.7
145 130 226.3
145 131 423.7
145 132 185.6
145 133 185.1
145 134 211.8
145 135 190.9
145 136 267.1
145 137 144.1
145 138 387.9
145 139 429.5
145 140 389.8
145 141 360.1
145 142 185.2
145 143 369.3
145 144 127.6