86 374
149 496
111 515
165 149
105 286
157 131
193 256
174 484
186 333
155 287
151 403
103 443
108 259
165 450
104 322
162 327
146 444
188 486
164 232
155 547
118 332
192 88
144 307
139 461
198 380
223 163
225 321
202 281
246 246
251 480
284 409
263 254
255 155
255 194
264 364
279 170
261 188
205 449
297 430
218 79
201 71
294 248
206 72
299 522
215 136
279 157
232 385
288 281
209 470
330 321
356 271
343 66
330 401
375 246
348 508
334 540
303 347
355 198
323 232
308 531
320 525
343 255
372 279
312 108
340 281
385 478
358 177
333 243
388 171
378 134
371 271
376 135
360 174
430 228
439 225
407 450
482 62
434 294
409 331
441 431
496 549
489 246
446 530
451 74
425 279
458 54
451 378
420 320
456 544
431 139
499 254
425 509
487 290
445 467
426 73
405 63
417 237
553 245
543 361
553 390
592 89
576 57
591 196
525 147
595 211
522 251
571 281
505 95
513 482
543 126
585 229
553 327
523 145
569 230
582 472
589 115
533 395
523 384
569 442
556 476
533 74
668 219
686 360
645 316
630 225
652 543
615 263
681 458
606 94
681 226
627 133
657 293
692 424
603 243
629 341
638 512
607 362
604 224
681 305
619 332
616 239
640 433
698 246
636 410
695 96
710 161
