58 267
170 259
186 119
155 129
109 134
151 481
114 496
132 250
152 400
109 117
137 493
135 529
162 300
164 428
165 533
196 408
175 477
106 88
106 265
115 295
106 182
110 159
128 398
106 140
123 404
117 236
193 69
193 126
143 441
175 347
113 494
145 237
133 363
180 205
150 341
102 85
108 231
141 205
139 423
118 318
150 542
106 228
119 141
183 262
133 383
162 102
117 378
113 498
109 62
160 349
186 365
142 227
194 542
170 104
172 273
175 382
132 139
126 234
103 179
158 184
167 336
107 523
159 139
112 246
151 393
126 414
127 491
182 234
126 286
178 548
114 138
198 536
159 66
174 338
105 533
145 152
142 520
108 450
137 388
123 306
114 297
157 122
152 453
167 156
189 76
130 341
153 68
138 278
100 168
118 447
109 229
109 247
114 84
162 417
130 477
181 125
183 462
119 494
197 501
112 496
111 83
112 375
177 104
107 330
158 472
118 518
100 409
184 200
154 120
153 334
178 234
107 519
106 371
118 433
142 266
122 191
179 56
133 77
138 283
154 115
179 107
194 151
117 260
101 115
183 319
189 490
110 531
124 352
174 396
144 177
159 295
104 451
110 442
145 172
136 535
198 481
151 96
182 66
123 341
129 416
145 97
194 105
164 436
132 456
120 402
195 252
124 198
191 127
128 134
120 468
164 326
172 129
148 360
102 431
192 322
143 256
172 99
144 83
130 141
152 468
176 245
184 151
182 94
153 131
124 171
198 308
117 439
247 274
268 242
241 201
271 526
220 78
271 409
211 84
223 250
283 423
297 340
231 126
224 418
201 288
239 194
234 442
222 277
204 316
243 95
221 54
273 376
287 290
266 310
202 291
278 216
226 122
272 220
276 65
269 444
204 428
260 430
234 164
277 338
257 152
259 299
216 363
268 430
232 276
275 439
207 185
290 393
228 471
221 212
291 383
215 151
244 334
212 116
224 527
206 545
229 285
294 224
256 391
222 155
228 425
204 299
237 438
248 318
250 140
299 405
260 273
238 259
217 359
259 508
210 414
283 293
289 83
272 137
295 217
285 115
214 144
249 503
271 349
281 363
270 113
279 494
247 59
200 372
234 297
229 269
274 295
261 212
239 186
211 148
238 380
267 530
278 61
232 542
254 240
218 132
255 108
289 192
251 429
218 318
235 295
221 507
213 432
237 93
255 299
224 54
265 197
227 56
277 433
263 321
238 309
213 254
294 463
232 94
282 514
209 360
265 453
232 95
223 422
206 76
272 449
202 318
292 264
278 293
231 51
298 219
287 397
224 135
238 57
265 53
226 403
252 368
243 311
261 505
245 97
296 356
206 428
299 344
275 377
226 345
211 63
286 437
273 396
298 172
284 482
200 544
297 184
259 73
237 182
285 172
280 549
267 203
230 236
296 453
270 231
276 516
209 385
239 443
224 525
284 438
242 71
212 504
213 293
262 215
216 429
208 301
231 521
219 144
259 318
297 477
229 187
201 430
297 230
209 367
372 465
396 99
303 239
346 105
351 430
389 222
387 425
337 435
321 218
368 407
334 301
333 227
339 73
392 99
364 521
335 508
313 536
319 173
384 246
345 54
303 278
380 255
387 100
389 455
326 536
395 88
361 86
397 380
318 313
325 491
398 278
382 104
302 346
382 282
336 437
346 279
337 54
376 268
303 252
352 504
313 415
343 275
371 267
348 415
384 463
304 194
342 94
378 152
365 487
364 216
320 378
353 285
321 394
348 366
324 420
346 419
356 447
340 84
342 466
300 549
302 238
313 264
348 428
314 327
388 438
373 453
343 483
354 152
391 386
360 377
313 465
390 179
301 123
394 467
326 510
346 201
385 267
361 393
308 476
307 533
345 485
365 507
325 452
396 243
351 422
360 181
334 534
352 545
345 284
385 80
343 448
309 512
319 314
366 333
371 378
380 435
330 77
320 512
319 159
332 374
352 65
320 94
380 227
322 496
301 94
385 367
350 471
319 98
381 319
302 421
345 407
395 205
388 361
315 78
352 186
325 431
344 276
336 61
302 132
350 189
383 236
395 56
351 279
381 150
331 281
324 483
337 362
305 494
355 312
360 68
385 360
344 179
337 151
337 216
324 134
332 456
312 176
381 168
368 300
374 480
377 202
352 200
387 375
361 475
327 109
377 513
385 110
349 317
360 278
305 480
323 276
342 396
320 340
397 193
364 91
359 93
306 364
342 461
360 515
345 475
368 145
333 295
316 127
320 486
386 292
398 394
435 194
410 493
434 165
450 84
424 350
448 333
488 527
419 464
407 389
486 107
422 172
436 357
455 135
432 325
405 366
443 128
478 420
456 528
468 323
408 357
430 176
433 75
402 261
425 62
484 161
431 490
424 194
410 394
405 230
469 443
462 396
420 483
419 199
426 477
465 549
488 265
405 258
453 459
415 328
458 52
428 511
486 397
416 206
407 228
442 304
437 199
497 398
477 468
423 62
414 279
472 213
496 118
450 286
440 186
465 478
417 516
498 360
496 507
456 141
484 182
423 266
414 267
405 384
483 213
480 85
444 171
475 333
498 293
481 439
404 256
466 284
458 548
419 423
468 457
494 307
464 168
460 231
449 171
428 481
409 68
450 293
409 476
480 526
436 239
436 233
475 516
487 229
409 390
450 460
484 295
424 72
422 222
404 216
489 288
477 330
490 171
463 93
433 499
484 419
436 106
481 257
458 135
400 144
462 144
444 76
429 468
463 540
460 484
415 336
435 466
455 391
436 432
446 65
416 155
440 438
441 276
448 513
492 232
437 300
422 152
488 173
494 480
463 362
486 390
426 471
491 140
432 396
410 298
440 133
445 277
482 501
464 431
467 252
458 84
438 90
492 508
430 373
424 80
485 79
490 308
488 549
400 122
482 548
452 356
483 126
489 360
443 445
443 305
417 491
448 190
491 126
423 459
499 360
483 412
410 483
449 534
425 514
451 69
431 144
471 84
431 535
456 505
450 118
472 528
447 316
441 415
572 172
541 324
594 264
546 347
573 382
540 324
562 231
580 381
541 496
597 141
510 108
585 483
505 176
593 322
503 234
534 490
528 383
581 185
523 519
522 338
577 515
554 454
558 71
574 337
593 388
584 150
519 234
561 387
523 222
556 453
505 61
519 240
501 548
516 337
527 392
523 300
518 244
567 352
522 199
554 294
531 408
527 157
503 232
551 184
532 205
584 167
568 77
587 113
549 79
524 132
573 252
568 201
555 423
555 54
529 165
520 431
539 443
542 473
552 194
556 335
539 117
569 271
548 263
507 452
514 300
519 509
558 106
522 203
594 497
522 549
515 111
523 468
529 238
593 498
534 476
564 112
561 102
568 340
530 490
599 353
538 282
555 490
517 426
565 91
557 149
528 183
533 93
528 119
564 501
588 80
576 219
547 406
563 439
519 140
513 203
522 225
558 295
502 246
555 340
564 512
561 449
562 461
575 141
543 358
514 500
584 162
502 110
500 349
519 178
588 398
569 108
553 376
514 185
591 77
571 517
572 507
598 367
519 459
511 509
567 341
597 246
535 102
505 549
500 202
574 421
545 262
535 247
595 417
590 525
583 79
509 360
509 395
561 440
547 314
551 108
589 85
547 353
579 383
580 333
594 53
584 244
596 500
522 480
514 381
514 246
556 512
562 101
594 98
520 543
514 200
511 170
584 345
566 107
599 501
543 404
595 321
509 361
593 435
527 497
500 151
522 94
515 508
577 352
500 368
519 422
568 330
610 548
654 354
611 348
671 192
663 129
683 131
617 190
646 277
645 164
625 275
661 399
633 183
647 406
651 434
688 71
605 217
672 401
692 403
619 510
604 292
671 405
637 282
620 253
664 329
633 360
622 483
697 434
637 273
679 346
662 548
690 135
682 491
650 117
681 101
632 87
692 365
692 86
695 55
649 172
636 207
638 265
687 372
641 51
699 454
601 296
658 185
645 102
649 362
663 213
679 364
663 293
684 392
697 326
630 297
654 519
664 215
620 260
628 165
608 321
615 462
662 93
678 201
624 160
660 440
612 75
655 227
627 102
653 463
631 276
613 105
681 104
630 449
636 448
628 235
679 226
641 101
605 92
680 269
629 56
606 503
639 485
673 247
622 186
622 75
665 457
630 230
628 189
637 505
665 241
604 541
603 156
662 256
683 197
613 529
682 471
639 361
627 275
648 479
615 131
607 300
611 547
693 525
657 531
674 303
608 291
691 145
646 392
616 493
659 524
648 336
660 485
663 244
602 319
681 379
698 51
616 90
678 85
680 190
681 494
631 275
671 111
698 227
677 209
665 117
641 378
667 95
639 466
655 211
656 115
687 248
638 275
606 518
633 79
657 275
640 202
645 170
669 96
657 84
664 313
652 52
602 86
675 113
675 350
657 133
685 94
679 298
640 243
647 294
692 158
688 459
630 310
649 70
624 350
644 535
699 434
621 455
686 128
616 226
660 340
667 120
650 61
677 392
629 59
645 375
640 501
619 420
799 295
